VARS   INDEX X_AXIS Y_AXIS DX DY X_PPM Y_PPM X_HZ Y_HZ XW YW XW_HZ YW_HZ X1 X3 Y1 Y3 HEIGHT DHEIGHT VOL PCHI2 TYPE ASS CLUSTID MEMCNT
FORMAT %5d %9.3f %9.3f %6.3f %6.3f %8.3f %8.3f %9.3f %9.3f %7.3f %7.3f %8.3f %8.3f %4d %4d %4d %4d %+e %+e %+e %.5f %d %s %4d %4d

NULLVALUE -666
NULLSTRING *

    1   207.913     5.430  0.166  0.016    8.988  128.094  5387.799  7781.192   7.443   2.242   21.841   46.241  203  213    5    6 +1.934410e+06 +1.094712e+04 +2.503943e+07 0.00000 1 None    1    1
    2    88.564     6.441  0.489  0.018    9.573  127.751  5738.015  7760.336   8.507   2.246   24.962   46.334   83   94    6    7 +1.809554e+06 +1.104190e+04 +2.474510e+07 0.00000 1 None    2    1
    3   120.522     5.974  0.390  0.008    9.416  127.909  5644.239  7769.958   8.523   1.995   25.011   41.145  115  126    5    7 +1.708774e+06 +1.021365e+04 +2.597924e+07 0.00000 1 None    3    1
    4   169.279     9.935  0.264  0.007    9.177  126.564  5501.167  7688.270   8.851   2.017   25.972   41.602  164  175    9   11 +1.957753e+06 +1.017924e+04 +2.974489e+07 0.00000 1 None    4    1
    5   292.722    12.145  0.179  0.009    8.573  125.814  5138.937  7642.687   6.829   2.029   20.040   41.843  288  298   11   13 +1.754312e+06 +1.032911e+04 +2.334237e+07 0.00000 1 None    5    1
    8   254.427    13.823  0.356  0.008    8.761  125.244  5251.312  7608.087   9.040   2.046   26.526   42.189  249  260   13   15 +1.995869e+06 +1.033013e+04 +3.044005e+07 0.00000 1 None    8    1
    9   486.966    14.204  0.140  0.008    7.622  125.115  4568.952  7600.224   7.876   2.056   23.112   42.399  482  492   13   15 +2.207006e+06 +1.036149e+04 +3.097768e+07 0.00000 1 None    9    1
   10   234.607    14.821  0.446  0.010    8.858  124.905  5309.470  7587.500   8.700   2.120   25.529   43.716  229  241   14   16 +1.925520e+06 +1.040229e+04 +3.980906e+07 0.00000 1 None   10    2
   11   240.859    15.842  0.244  0.009    8.827  124.559  5291.125  7566.441   9.313   2.108   27.327   43.470  234  247   15   17 +1.914070e+06 +1.027154e+04 +3.919592e+07 0.00000 1 None   10    2
   12   390.608    16.840  0.355  0.009    8.094  124.220  4851.704  7545.849   7.159   1.957   21.007   40.364  386  396   16   18 +1.641548e+06 +1.046141e+04 +2.182892e+07 0.00000 1 None   11    3
   13   286.868    17.961  0.110  0.006    8.602  123.839  5156.116  7522.730   7.028   2.022   20.624   41.698  282  292   17   19 +2.344070e+06 +1.020681e+04 +3.521093e+07 0.00000 1 None   12    3
   14   294.510    18.458  0.199  0.016    8.564  123.670  5133.691  7512.479   6.257   2.311   18.360   47.671  290  300   17   20 +2.233194e+06 +1.114866e+04 +3.548899e+07 0.00000 1 None   12    3
   15   354.786    18.092  0.174  0.007    8.269  123.795  4956.819  7520.037   7.839   2.006   23.003   41.376  349  360   17   19 +2.107543e+06 +1.022191e+04 +3.072420e+07 0.00000 1 None   13    1
   16   432.884    18.374  0.049  0.008    7.887  123.699  4727.648  7514.217   5.525   2.219   16.214   45.762  429  437   17   20 +3.637297e+06 +1.084898e+04 +4.339535e+07 0.00000 1 None   14    1
   17   412.486    18.846  0.103  0.005    7.987  123.539  4787.504  7504.472   5.994   2.011   17.588   41.471  408  416   18   20 +3.491030e+06 +1.050766e+04 +3.871877e+07 0.00000 1 None   15    1
   18   274.698    19.614  0.179  0.018    8.661  123.278  5191.826  7488.648   6.119   2.242   17.955   46.248  271  279   19   21 +1.631263e+06 +1.088068e+04 +1.991582e+07 0.00000 1 None   16    1
   19   306.432    19.763  0.284  0.009    8.506  123.227  5098.708  7485.570   8.331   2.130   24.446   43.938  300  312   19   21 +2.185739e+06 +1.044879e+04 +3.491418e+07 0.00000 1 None   12    3
   20   329.360    19.885  0.237  0.008    8.394  123.186  5031.429  7483.046   7.580   2.022   22.244   41.704  324  334   19   21 +1.860358e+06 +1.027974e+04 +2.636531e+07 0.00000 1 None   17    1
   21   219.441    21.133  0.174  0.006    8.932  122.762  5353.972  7457.316   7.248   2.018   21.268   41.612  214  224   20   22 +2.657639e+06 +1.034208e+04 +3.554687e+07 0.00000 1 None   18    1
   22   176.629    22.090  0.324  0.008    9.141  122.437  5479.600  7437.578   8.832   1.995   25.916   41.140  171  182   21   23 +1.873734e+06 +1.021707e+04 +2.834048e+07 0.00000 1 None   19    1
   23   384.725    21.830  0.127  0.006    8.123  122.526  4868.964  7442.936   6.838   2.718   20.065   56.065  380  390   20   24 +4.796074e+06 +1.046328e+04 +1.084970e+08 0.00000 1 None   11    3
   24   413.970    22.968  0.083  0.004    7.980  122.139  4783.150  7419.467   8.423   2.090   24.715   43.116  408  420   22   24 +4.060567e+06 +1.018188e+04 +6.776581e+07 0.00000 1 None   20    2
   25   558.135    23.364  0.441  0.042    7.274  122.005  4360.115  7411.294   6.751   2.151   19.811   44.361  556  561   23   24 +6.126081e+05 +1.081324e+04 +5.452278e+06 0.00000 1 None   21    1
   26   146.192    25.481  0.237  0.019    9.290  121.286  5568.914  7367.636   8.042   2.294   23.597   47.314  141  151   25   26 +1.875199e+06 +1.111066e+04 +2.512280e+07 0.00000 1 None   22    1
   27   257.393    24.526  0.251  0.016    8.746  121.610  5242.607  7387.338   7.514   2.305   22.050   47.540  252  263   24   26 +2.158484e+06 +1.111838e+04 +3.136857e+07 0.00000 1 None   23    1
   28   301.367    25.421  0.232  0.024    8.531  121.306  5113.571  7368.865   5.967   2.292   17.510   47.275  297  305   25   26 +1.364891e+06 +1.101155e+04 +1.505672e+07 0.00000 1 None   24    2
   29   419.460    24.707  0.135  0.008    7.953  121.549  4767.040  7383.588   6.123   2.244   17.966   46.279  415  423   23   26 +3.009506e+06 +1.076232e+04 +5.333960e+07 0.00000 1 None   20    2
   30   351.599    25.594  0.078  0.008    8.285  121.247  4966.170  7365.294   5.915   2.339   17.358   48.240  348  356   24   27 +4.152961e+06 +1.095147e+04 +5.805548e+07 0.00000 1 None   25    1
   31   308.763    27.347  0.111  0.015    8.495  120.652  5091.867  7329.155   5.652   2.306   16.586   47.564  305  313   26   28 +1.950881e+06 +1.073441e+04 +2.440927e+07 0.00000 1 None   24    2
   32   374.469    27.844  0.092  0.005    8.173  120.484  4899.062  7318.906   5.686   2.059   16.685   42.465  370  378   27   29 +3.291376e+06 +1.051052e+04 +3.652775e+07 0.00000 1 None   26    1
   33   428.980    28.084  0.058  0.005    7.906  120.402  4739.104  7313.946   6.225   2.030   18.267   41.867  425  433   27   29 +3.224746e+06 +1.027179e+04 +4.216134e+07 0.00000 1 None   27    2
   34   435.337    28.221  0.127  0.006    7.875  120.356  4720.452  7311.127   7.060   2.093   20.716   43.167  430  440   27   29 +2.986220e+06 +1.044986e+04 +4.971010e+07 0.00000 1 None   27    2
   35   785.948    28.057  0.114  0.007    6.159  120.411  3691.623  7314.507   6.878   2.011   20.181   41.468  781  791   27   29 +2.005286e+06 +1.021654e+04 +2.647866e+07 0.00000 1 None   28    1
   36   158.186    29.895  0.201  0.007    9.232  119.787  5533.719  7276.603   8.594   2.011   25.217   41.472  152  164   29   31 +2.092116e+06 +1.020794e+04 +3.191554e+07 0.00000 1 None   29    1
   37   403.455    29.837  0.083  0.005    8.031  119.807  4814.004  7277.796   5.745   2.055   16.857   42.382  399  407   29   31 +3.621464e+06 +1.050753e+04 +4.026708e+07 0.00000 1 None   30    1
   38   516.970    30.981  0.127  0.005    7.475  119.418  4480.909  7254.195   8.764   1.966   25.717   40.546  511  523   30   32 +2.877694e+06 +1.013760e+04 +4.127868e+07 0.00000 1 None   31    1
   39   554.199    32.216  0.112  0.008    7.293  118.999  4371.666  7228.720   6.677   2.080   19.592   42.908  549  559   31   33 +2.408396e+06 +1.043259e+04 +3.195536e+07 0.00000 1 None   32    1
   40   292.152    32.983  0.128  0.009    8.576  118.739  5140.610  7212.914   7.803   2.580   22.897   53.203  286  298   31   35 +2.539818e+06 +1.011331e+04 +6.447151e+07 0.00000 1 None   33    2
   41   393.360    35.286  0.160  0.012    8.080  117.957  4843.626  7165.401   5.947   2.117   17.450   43.672  389  397   34   36 +1.821224e+06 +1.067599e+04 +2.112093e+07 0.00000 1 None   34    1
   42   513.287    34.651  0.179  0.012    7.493  118.173  4491.716  7178.513   7.131   2.193   20.926   45.230  508  518   34   36 +2.109298e+06 +1.073701e+04 +2.956720e+07 0.00000 1 None   35    1
   43   215.268    36.228  0.251  0.009    8.952  117.637  5366.218  7145.969   8.719   2.072   25.584   42.734  210  221   35   37 +2.053891e+06 +1.040636e+04 +3.125452e+07 0.00000 1 None   36    1
   44   263.567    36.557  0.307  0.016    8.716  117.525  5224.490  7139.199   7.779   2.260   22.827   46.612  258  269   36   38 +1.979125e+06 +1.102838e+04 +2.946520e+07 0.00000 1 None   37    1
   45   445.117    38.237  0.141  0.008    7.827  116.955  4691.752  7104.532   8.087   2.083   23.729   42.958  439  451   37   39 +2.500881e+06 +1.041967e+04 +3.690799e+07 0.00000 1 None   38    1
   46   375.058    39.920  0.092  0.006    8.170  116.383  4897.334  7069.820   6.854   2.036   20.111   42.000  370  380   39   41 +2.496176e+06 +1.022182e+04 +3.355354e+07 0.00000 1 None   39    1
   47   557.117    41.244  0.180  0.009    7.279  115.934  4363.102  7042.527   8.449   2.072   24.792   42.744  552  562   40   42 +2.140081e+06 +1.042857e+04 +3.041889e+07 0.00000 1 None   40    1
   48   256.384    42.331  0.186  0.009    8.751  115.565  5245.568  7020.101   7.435   2.115   21.817   43.623  251  261   41   43 +2.587150e+06 +1.072016e+04 +3.526673e+07 0.00000 1 None   41    2
   49   527.833    42.433  0.089  0.011    7.422  115.530  4449.032  7018.009   6.185   2.250   18.150   46.402  523  533   41   44 +2.769103e+06 +1.100988e+04 +3.800718e+07 0.00000 1 None   42    1
   50   347.958    43.388  0.146  0.014    8.303  115.206  4976.856  6998.294   7.374   2.199   21.639   45.357  343  353   42   44 +2.038442e+06 +1.082782e+04 +2.839576e+07 0.00000 1 None   43    1
   51   418.489    43.470  0.080  0.008    7.957  115.178  4769.891  6996.608   5.684   2.255   16.678   46.509  414  422   42   45 +4.541888e+06 +1.130666e+04 +5.317044e+07 0.00000 1 None   44    1
   52   479.659    44.013  0.087  0.004    7.658  114.994  4590.395  6985.408   6.080   2.006   17.841   41.377  476  484   43   45 +3.131329e+06 +1.030452e+04 +3.575161e+07 0.00000 1 None   45    1
   53   138.728    44.984  0.184  0.008    9.327  114.664  5590.816  6965.376   6.936   2.009   20.352   41.445  134  144   44   46 +1.705010e+06 +1.022580e+04 +2.281926e+07 0.00000 1 None   46    1
   54   260.321    45.654  0.333  0.014    8.732  114.437  5234.015  6951.562   8.535   2.143   25.044   44.207  255  265   45   47 +1.723107e+06 +1.069924e+04 +2.476490e+07 0.00000 1 None   41    2
   55   300.132    47.831  0.069  0.007    8.537  113.698  5117.194  6906.671   5.770   2.062   16.931   42.535  296  304   47   49 +2.590863e+06 +1.039256e+04 +2.924004e+07 0.00000 1 None   47    1
   56   554.332    51.560  0.084  0.024    7.292  112.432  4371.275  6829.765   4.302   2.600   12.624   53.633  551  557   50   53 +1.815179e+06 +1.097707e+04 +1.956732e+07 0.00000 1 None   48    1
   57   649.387    51.526  0.113  0.021    6.827  112.443  4092.346  6830.461   5.490   2.741   16.111   56.529  645  653   50   54 +2.410721e+06 +1.091837e+04 +4.337431e+07 0.00000 1 None   49    5
   58   458.966    52.692  0.039  0.012    7.759  112.047  4651.114  6806.409   4.455   2.458   13.073   50.699  456  462   51   54 +2.591229e+06 +1.059394e+04 +2.747393e+07 0.00000 1 None   50    1
   59   667.079    52.728  0.081  0.018    6.741  112.035  4040.432  6805.661   5.903   2.890   17.321   59.601  663  671   51   55 +2.200043e+06 +1.040243e+04 +4.447416e+07 0.00000 1 None   49    5
   60   470.242    54.949  0.063  0.008    7.704  111.281  4618.026  6759.858   4.713   2.294   13.830   47.317  467  473   54   57 +2.216038e+06 +1.032744e+04 +2.401185e+07 0.00000 1 None   51    1
   61   502.178    54.800  0.106  0.020    7.548  111.331  4524.314  6762.922   4.697   2.355   13.781   48.567  499  505   54   56 +1.199005e+06 +1.042779e+04 +1.228251e+07 0.00000 1 None   52    1
   62   652.168    54.756  0.093  0.011    6.814  111.346  4084.187  6763.830   5.855   2.300   17.181   47.428  648  656   53   57 +2.116852e+06 +1.044693e+04 +3.737649e+07 0.00000 1 None   49    5
   63   663.225    54.853  0.131  0.011    6.759  111.313  4051.739  6761.843   6.635   2.402   19.469   49.535  658  668   53   57 +2.054204e+06 +1.029873e+04 +4.553847e+07 0.00000 1 None   49    5
   64   478.068    58.330  0.048  0.013    7.666  110.133  4595.062  6690.126   4.472   2.353   13.122   48.527  475  481   57   60 +2.215004e+06 +1.069325e+04 +2.391400e+07 0.00000 1 None   53    1
   65   650.241    58.260  0.087  0.011    6.823  110.157  4089.841  6691.568   5.631   2.389   16.523   49.273  646  654   56   60 +2.377139e+06 +1.046690e+04 +3.753702e+07 0.00000 1 None   49    5
   66   441.263    59.117  0.094  0.013    7.846  109.866  4703.061  6673.893   4.674   2.311   13.715   47.670  438  444   58   61 +1.529101e+06 +1.039986e+04 +1.834016e+07 0.00000 1 None   54    2
   67   634.801    59.043  0.105  0.009    6.899  109.891  4135.148  6675.408   5.728   2.220   16.808   45.781  631  639   58   60 +1.816504e+06 +1.024161e+04 +2.212103e+07 0.00000 1 None   55    1
   68   216.742    61.475  0.254  0.021    8.945  109.065  5361.894  6625.254   7.454   2.303   21.874   47.501  212  222   61   62 +1.673922e+06 +1.110184e+04 +2.208527e+07 0.00000 1 None   56    1
   69   304.199    61.780  0.142  0.010    8.517  108.961  5105.259  6618.963   6.715   2.100   19.705   43.318  299  309   61   63 +1.921708e+06 +1.043613e+04 +2.606344e+07 0.00000 1 None   57    1
   70   432.664    61.622  0.144  0.011    7.888  109.015  4728.294  6622.226   6.502   2.201   19.080   45.401  428  438   61   63 +2.422871e+06 +1.086490e+04 +3.231470e+07 0.00000 1 None   54    2
   71   559.748    63.809  0.095  0.006    7.266  108.272  4355.382  6577.113   6.536   2.067   19.179   42.634  555  565   63   65 +2.944851e+06 +1.040377e+04 +3.794993e+07 0.00000 1 None   58    1
   72   386.990    20.430  0.141  0.009    8.112  123.001  4862.319  7471.813   6.829   2.143   20.039   44.199  381  392   18   21 +3.500740e+06 +1.348310e+04 +0.000000e+00 0.00000 1 None   11    3
   73   284.935    33.162  0.141  0.009    8.611  118.678  5161.788  7209.206   6.829   2.143   20.039   44.199  279  290   31   34 +2.049076e+06 +1.348310e+04 +0.000000e+00 0.00000 1 None   33    2
