REMARK ROI 2D Peak Detection System, File: HN.N15.dat
REMARK Detection Levels: -516197 and 516197
REMARK Detection: X(+/-1) Y(+/-1)
REMARK Interpolation: X(+/-1) Y(+/-1)
REMARK Noise: 798.124, Chi2-Threshold: 1.000000e-04, Local Adjustment: None
REMARK Position Tolerances: X(2.0) Y(2.0)
REMARK Sinc Detect ON, Height Adjustments: X(1.200) Y(1.800)
REMARK Sinc Detect Linewidths: X(15.0Hz) Y(0.0Hz)
REMARK Total Peaks: 72, Good Peaks: 72, Questionable Peaks: 0
REMARK Clusters: 58, Max Cluster Size: 5
REMARK ROI Spectral Axis Limits:

DATA  X_AXIS HN           1   922    9.998ppm    5.490ppm
DATA  Y_AXIS N15          1    66  129.043ppm  106.974ppm

VARS   INDEX X_AXIS Y_AXIS DX DY X_PPM Y_PPM X_HZ Y_HZ XW YW XW_HZ YW_HZ X1 X3 Y1 Y3 HEIGHT DHEIGHT VOL PCHI2 TYPE ASS CLUSTID MEMCNT
FORMAT %5d %9.3f %9.3f %6.3f %6.3f %8.3f %8.3f %9.3f %9.3f %7.3f %7.3f %8.3f %8.3f %4d %4d %4d %4d %+e %+e %+e %.5f %d %s %4d %4d

   1   208.052     5.408  0.009  0.001    8.985  127.546  5385.655  7747.918   7.465   2.168   21.905   44.722  204  213    5    6  2.087029e+06  6.470514e+02  2.574788e+07 0.00000 1 None    1    1
   2    88.609     6.428  0.016  0.001    9.569  127.200  5736.147  7726.875   7.768   2.196   22.793   45.286   84   93    6    7  2.070782e+06  6.521612e+02  2.650497e+07 0.00000 1 None    2    1
   3   120.536     5.977  0.028  0.000    9.413  127.353  5642.461  7736.186   9.689   1.834   28.432   37.835  115  125    5    7  2.017706e+06  6.050891e+02  2.708009e+07 0.00000 1 None    3    1
   4   169.408     9.941  0.019  0.000    9.174  126.007  5499.051  7654.424   9.100   1.894   26.703   39.055  164  174    9   11  2.104056e+06  6.045815e+02  2.923726e+07 0.00000 1 None    4    1
   5   292.812    12.104  0.008  0.000    8.570  125.273  5136.937  7609.822   7.210   1.816   21.157   37.451  288  297   11   13  2.127983e+06  6.103819e+02  2.410930e+07 0.00000 1 None    5    1
   6   254.558    13.843  0.023  0.000    8.757  124.683  5249.188  7573.951   9.199   1.936   26.993   39.924  250  260   13   15  2.290063e+06  6.137067e+02  3.195205e+07 0.00000 1 None    6    1
   7   487.146    14.162  0.009  0.000    7.618  124.574  4566.688  7567.364   8.029   1.918   23.560   39.548  482  492   13   15  2.416729e+06  6.115619e+02  3.157061e+07 0.00000 1 None    7    1
   8   235.039    14.863  0.014  0.001    8.853  124.336  5306.465  7552.917   9.824   2.156   28.828   44.470  230  242   14   16  1.916444e+06  6.048814e+02  4.431034e+07 0.00000 1 None    8    2
   9   240.858    15.878  0.012  0.000    8.824  123.992  5289.390  7531.985   9.275   1.941   27.215   40.041  234  246   15   17  2.297469e+06  6.088018e+02  4.120255e+07 0.00000 1 None    8    2
  10   390.512    16.871  0.019  0.000    8.092  123.654  4850.248  7511.495   7.838   1.864   23.000   38.447  387  395   16   17  1.859130e+06  6.168252e+02  1.824478e+07 0.00000 1 None    9    1
  11   286.848    17.975  0.006  0.000    8.599  123.279  5154.439  7488.721   7.291   1.845   21.395   38.045  282  292   17   19  2.917502e+06  6.070899e+02  3.884006e+07 0.00000 1 None   10    2
  12   354.799    18.078  0.010  0.000    8.266  123.244  4955.043  7486.597   8.080   1.876   23.710   38.689  350  360   17   19  2.278577e+06  6.043689e+02  2.998445e+07 0.00000 1 None   11    1
  13   432.976    18.354  0.002  0.000    7.884  123.151  4725.644  7480.909   5.539   2.168   16.254   44.718  429  437   17   19  4.252302e+06  6.405003e+02  4.662003e+07 0.00000 1 None   12    1
  14   294.617    18.535  0.007  0.001    8.561  123.089  5131.640  7477.167   5.743   2.281   16.851   47.053  291  299   18   19  2.617965e+06  6.640223e+02  2.890647e+07 0.00000 1 None   10    2
  15   412.615    18.878  0.005  0.000    7.983  122.973  4785.391  7470.098   6.490   1.753   19.044   36.163  408  418   18   20  4.262450e+06  6.201227e+02  4.175811e+07 0.00000 1 None   13    1
  16   274.811    19.651  0.008  0.001    8.658  122.711  5189.761  7454.167   6.210   2.156   18.223   44.460  271  279   19   20  1.854314e+06  6.388985e+02  1.998969e+07 0.00000 1 None   14    1
  17   306.388    19.830  0.013  0.000    8.503  122.650  5097.101  7450.461   8.538   1.930   25.052   39.806  301  311   19   21  2.652678e+06  6.133640e+02  3.614156e+07 0.00000 1 None   15    1
  18   329.504    19.915  0.016  0.000    8.390  122.621  5029.271  7448.714   7.856   1.864   23.053   38.444  325  335   19   21  2.117230e+06  6.111257e+02  2.745795e+07 0.00000 1 None   16    1
  19   386.226    20.384  0.009  0.000    8.113  122.462  4862.824  7439.046   7.116   2.194   20.882   45.241  381  391   19   22  5.016595e+06  6.602763e+02  1.042744e+08 0.00000 1 None   17    2
  20   219.474    21.101  0.010  0.000    8.929  122.218  5352.140  7424.256   7.720   1.833   22.655   37.799  214  224   20   22  3.402204e+06  6.133433e+02  4.072297e+07 0.00000 1 None   18    1
  21   176.625    22.068  0.018  0.000    9.139  121.890  5477.875  7404.300   9.093   1.824   26.683   37.630  172  181   21   23  2.175740e+06  6.054150e+02  2.762067e+07 0.00000 1 None   19    1
  22   384.867    21.760  0.003  0.000    8.119  121.994  4866.812  7410.665   6.962   2.656   20.429   54.779  380  390   20   23  5.144604e+06  6.068582e+02  1.161162e+08 0.00000 1 None   17    2
  23   414.162    22.987  0.006  0.000    7.976  121.578  4780.850  7385.355   9.454   1.775   27.741   36.612  407  420   22   24  5.165573e+06  6.042673e+02  7.216565e+07 0.00000 1 None   20    2
  24   558.204    23.373  0.023  0.002    7.271  121.447  4358.175  7377.393   6.222   2.159   18.259   44.522  557  559   23   24  6.697121e+05  6.404847e+02  3.395532e+06 0.00000 1 None   21    1
  25   146.248    25.463  0.014  0.001    9.287  120.737  5567.012  7334.276   8.084   2.222   23.721   45.829  141  151   25   26  2.138944e+06  6.575432e+02  2.847991e+07 0.00000 1 None   22    1
  26   257.363    24.588  0.011  0.001    8.743  121.034  5240.959  7352.335   7.451   2.194   21.865   45.247  253  262   24   25  2.606517e+06  6.496371e+02  3.200811e+07 0.00000 1 None   23    1
  27   301.372    25.405  0.013  0.001    8.528  120.757  5111.818  7335.489   6.105   2.175   17.916   44.866  298  305   25   26  1.492331e+06  6.531799e+02  1.548662e+07 0.00000 1 None   24    2
  28   419.406    24.700  0.008  0.000    7.950  120.996  4765.461  7350.027   6.139   2.225   18.013   45.883  415  423   23   26  3.135586e+06  6.402407e+02  5.730448e+07 0.00000 1 None   20    2
  29   351.608    25.601  0.004  0.000    8.282  120.690  4964.407  7331.440   5.963   2.302   17.498   47.487  348  356   24   27  4.931127e+06  6.474211e+02  6.701230e+07 0.00000 1 None   25    1
  30   308.706    27.349  0.008  0.001    8.492  120.097  5090.299  7295.395   5.883   2.317   17.263   47.796  305  313   26   28  1.966457e+06  6.311142e+02  2.531442e+07 0.00000 1 None   24    2
  31   374.575    27.885  0.005  0.000    8.170  119.915  4897.015  7284.322   6.069   1.856   17.810   38.276  371  379   27   29  3.736487e+06  6.213808e+02  3.751453e+07 0.00000 1 None   26    1
  32   428.909    28.064  0.003  0.000    7.904  119.854  4737.576  7280.649   6.423   1.878   18.847   38.727  424  434   27   29  3.584742e+06  6.100543e+02  5.072492e+07 0.00000 1 None   27    2
  33   435.398    28.172  0.007  0.000    7.872  119.818  4718.537  7278.422   7.376   1.901   21.644   39.214  430  440   27   29  3.633214e+06  6.170667e+02  5.376515e+07 0.00000 1 None   27    2
  34   786.069    28.039  0.006  0.000    6.155  119.863  3689.533  7281.157   7.219   1.827   21.183   37.689  782  791   27   29  2.469188e+06  6.070588e+02  2.809899e+07 0.00000 1 None   28    1
  35   158.161    29.908  0.011  0.000    9.229  119.228  5532.056  7242.598   8.855   1.888   25.984   38.945  153  163   29   31  2.311674e+06  6.047325e+02  3.134185e+07 0.00000 1 None   29    1
  36   403.577    29.879  0.004  0.000    8.028  119.238  4811.911  7243.207   6.033   1.876   17.703   38.691  400  408   29   31  4.280264e+06  6.200975e+02  4.327866e+07 0.00000 1 None   30    1
  37   517.142    30.976  0.007  0.000    7.472  118.865  4478.668  7220.578   9.428   1.713   27.666   35.333  512  522   30   32  3.802014e+06  6.029359e+02  4.321804e+07 0.00000 1 None   31    1
  38   293.119    32.375  0.017  0.001    8.568  118.390  5136.035  7191.723   6.824   2.261   20.023   46.632  288  298   31   34  2.726881e+06  6.622631e+02  5.719935e+07 0.00000 1 None   32    3
  39   554.279    32.154  0.007  0.000    7.290  118.465  4369.693  7196.292   7.097   1.847   20.826   38.087  549  559   31   33  2.967067e+06  6.161349e+02  3.469768e+07 0.00000 1 None   33    1
  40   285.000    33.133  0.291  0.000    8.608  118.133  5159.861  7176.098  18.789   1.942   55.135   40.046  279  298   32   34  2.524403e+06  6.190308e+02  8.649292e+07 0.00000 1 None   32    3
  41   292.453    32.899  0.012  0.001    8.572  118.212  5137.992  7180.916   7.678   3.130   22.530   64.556  287  297   32   34  2.575490e+06  6.040792e+02  5.614672e+07 0.00000 1 None   32    3
  42   393.478    35.267  0.011  0.001    8.077  117.408  4841.545  7132.076   6.136   2.040   18.006   42.075  390  397   35   36  1.983515e+06  6.331121e+02  1.917064e+07 0.00000 1 None   34    1
  43   513.183    34.739  0.008  0.000    7.491  117.588  4490.285  7142.963   7.214   1.965   21.170   40.525  509  518   34   35  2.338767e+06  6.253674e+02  2.670908e+07 0.00000 1 None   35    1
  44   215.253    36.239  0.013  0.001    8.949  117.078  5364.524  7112.039   8.507   2.032   24.963   41.911  210  221   35   37  2.157570e+06  6.190747e+02  3.221598e+07 0.00000 1 None   36    1
  45   263.725    36.558  0.013  0.001    8.712  116.970  5222.289  7105.444   7.830   2.242   22.977   46.250  259  268   36   37  2.088889e+06  6.517244e+02  2.680665e+07 0.00000 1 None   37    1
  46   445.102    38.185  0.007  0.000    7.824  116.418  4690.060  7071.900   8.516   1.915   24.990   39.493  440  450   37   39  3.077626e+06  6.140488e+02  4.037600e+07 0.00000 1 None   38    1
  47   375.208    39.941  0.006  0.000    8.166  115.821  4895.157  7035.671   7.340   1.822   21.540   37.569  371  380   39   41  2.911652e+06  6.080364e+02  3.377688e+07 0.00000 1 None   39    1
  48   557.166    41.202  0.010  0.000    7.276  115.393  4361.223  7009.674   8.446   1.925   24.783   39.706  552  562   41   42  2.453177e+06  6.156280e+02  2.870710e+07 0.00000 1 None   40    1
  49   256.438    42.221  0.012  0.000    8.748  115.047  5243.674  6988.662   7.773   1.826   22.809   37.660  251  262   42   43  3.174754e+06  6.292401e+02  3.605700e+07 0.00000 1 None   41    2
  50   527.859    42.399  0.004  0.000    7.419  114.987  4447.221  6984.986   6.183   2.155   18.143   44.438  523  533   42   43  3.285846e+06  6.488039e+02  3.787671e+07 0.00000 1 None   42    1
  51   348.097    43.356  0.008  0.001    8.299  114.662  4974.709  6965.247   7.521   2.109   22.069   43.502  344  353   43   44  2.240310e+06  6.373253e+02  2.687751e+07 0.00000 1 None   43    1
  52   418.485    43.466  0.004  0.000    7.955  114.625  4768.164  6962.980   5.734   2.221   16.825   45.801  414  422   42   44  5.050100e+06  6.691395e+02  5.487414e+07 0.00000 1 None   44    1
  53   479.731    44.005  0.004  0.000    7.655  114.442  4588.447  6951.854   6.511   1.798   19.106   37.085  475  485   43   45  4.014650e+06  6.109243e+02  4.266333e+07 0.00000 1 None   45    1
  54   138.669    44.984  0.011  0.000    9.324  114.109  5589.251  6931.656   7.257   1.856   21.295   38.289  134  143   44   46  2.030780e+06  6.074506e+02  2.417585e+07 0.00000 1 None   46    1
  55   260.551    45.758  0.025  0.000    8.728  113.846  5231.603  6915.705   9.038   1.865   26.520   38.471  255  265   45   46  2.077082e+06  6.250502e+02  2.469615e+07 0.00000 1 None   41    2
  56   300.258    47.861  0.005  0.000    8.533  113.132  5115.088  6872.326   6.079   1.903   17.838   39.256  296  304   47   49  2.845548e+06  6.168073e+02  2.979086e+07 0.00000 1 None   47    1
  57   554.466    51.433  0.006  0.001    7.289  111.920  4369.145  6798.653   4.717   2.200   13.841   45.367  552  557   51   53  2.280110e+06  6.715866e+02  2.118936e+07 0.00000 1 None   48    1
  58   649.373    51.444  0.006  0.001    6.824  111.916  4090.650  6798.430   5.587   2.233   16.394   46.058  645  653   51   53  2.978516e+06  6.571516e+02  3.799261e+07 0.00000 1 None   49    5
  59   459.068    52.644  0.002  0.001    7.756  111.509  4649.078  6773.687   4.334   2.599   12.717   53.600  456  462   52   54  2.754735e+06  6.315184e+02  2.819070e+07 0.00000 1 None   50    1
  60   667.159    52.695  0.004  0.001    6.737  111.491  4038.461  6772.630   5.906   2.951   17.331   60.862  663  671   52   55  2.608168e+06  6.176201e+02  4.977874e+07 0.00000 1 None   49    5
  61   470.329    54.951  0.004  0.000    7.701  110.725  4616.034  6726.099   4.916   2.161   14.426   44.564  467  473   54   56  2.657944e+06  6.169581e+02  2.600530e+07 0.00000 1 None   51    1
  62   502.160    54.787  0.006  0.001    7.545  110.781  4522.630  6729.479   4.742   2.403   13.914   49.569  500  504   54   56  1.315491e+06  6.167781e+02  1.168703e+07 0.00000 1 None   52    1
  63   652.142    54.752  0.006  0.001    6.811  110.793  4082.527  6730.197   6.164   2.365   18.087   48.780  649  656   53   57  2.171471e+06  6.287681e+02  3.675059e+07 0.00000 1 None   49    5
  64   663.553    54.862  0.018  0.001    6.755  110.755  4049.042  6727.938   7.972   2.279   23.392   46.999  658  668   53   56  2.191632e+06  6.168082e+02  4.770756e+07 0.00000 1 None   49    5
  65   478.167    58.245  0.003  0.000    7.662  109.607  4593.036  6658.152   4.805   2.030   14.099   41.861  475  481   57   59  2.578635e+06  6.316229e+02  2.237473e+07 0.00000 1 None   53    1
  66   650.312    58.204  0.006  0.000    6.820  109.621  4087.897  6658.999   6.080   2.066   17.842   42.616  646  654   57   59  2.928884e+06  6.254838e+02  3.306795e+07 0.00000 1 None   49    5
  67   441.354    59.086  0.006  0.001    7.843  109.321  4701.060  6640.814   4.926   2.124   14.455   43.811  439  444   58   61  1.742318e+06  6.202729e+02  1.851565e+07 0.00000 1 None   54    2
  68   634.846    59.032  0.006  0.000    6.895  109.339  4133.281  6641.921   5.963   2.072   17.496   42.734  631  639   58   60  1.951894e+06  6.076960e+02  2.275864e+07 0.00000 1 None   55    1
  69   216.865    61.387  0.012  0.001    8.942  108.540  5359.794  6593.356   7.674   2.094   22.517   43.198  213  221   61   62  1.742795e+06  6.452007e+02  2.065433e+07 0.00000 1 None   56    1
  70   304.267    61.813  0.008  0.000    8.514  108.395  5103.324  6584.562   6.929   1.923   20.331   39.656  300  309   61   63  2.410756e+06  6.169790e+02  2.896279e+07 0.00000 1 None   57    1
  71   432.756    61.617  0.007  0.001    7.885  108.462  4726.287  6588.611   6.411   2.197   18.813   45.320  428  438   61   62  2.628591e+06  6.426190e+02  3.143067e+07 0.00000 1 None   54    2
  72   559.757    63.810  0.005  0.000    7.263  107.717  4353.619  6543.379   6.585   1.997   19.324   41.186  555  565   63   65  3.154252e+06  6.181459e+02  3.943598e+07 0.00000 1 None   58    1
