z3 7 1 19 19 19 2 1 8192 1 64
1 -7878 
0 
yz 7 1 19 19 19 2 1 8192 1 64
1 6135 
0 
xy 7 1 19 19 19 2 1 8192 1 64
1 1842 
0 
x2y2 7 1 19 19 19 2 1 8192 1 64
1 -1549 
0 
solvent 2 2 6 0 0 2 1 11 1 64
1 "D2O"
0 
shims 2 2 8 0 0 2 1 0 1 64
1 ""
0 
probe 2 2 8 0 0 2 1 8 1 64
1 "HCN"
0 
x1 7 1 19 19 19 2 1 8192 1 64
1 624 
0 
x3 7 1 19 19 19 2 1 8192 1 64
1 8694 
0 
x4 7 1 19 19 19 2 1 8192 1 64
1 0 
0 
y1 7 1 19 19 19 2 1 8192 1 64
1 5067 
0 
xz 7 1 19 19 19 2 1 8192 1 64
1 3456 
0 
xz2 7 1 19 19 19 2 1 8192 1 64
1 -522 
0 
y3 7 1 19 19 19 2 1 8192 1 64
1 8716 
0 
y4 7 1 19 19 19 2 1 8192 1 64
1 0 
0 
z1c 7 1 19 19 19 2 1 8192 1 64
1 0 
0 
z1 7 1 19 19 19 2 1 8192 1 64
1 2808 
0 
yz2 7 1 19 19 19 2 1 8192 1 64
1 -18988 
0 
z2x2y2 7 1 19 19 19 2 1 8192 1 64
1 -4853 
0 
z2c 7 1 19 19 19 2 1 8192 1 64
1 0 
0 
z2 7 1 19 19 19 2 1 8192 1 64
1 -424 
0 
z2xy 7 1 19 19 19 2 1 8192 1 64
1 -4477 
0 
z2x3 7 1 19 19 19 2 1 8192 1 64
1 0 
0 
z2y3 7 1 19 19 19 2 1 8192 1 64
1 0 
0 
z5 7 1 19 19 19 2 1 8192 1 64
1 864 
0 
z3y3 7 1 19 19 19 2 1 8192 1 64
1 0 
0 
z3x3 7 1 19 19 19 2 1 8192 1 64
1 0 
0 
z3x 7 1 19 19 19 2 1 8192 1 64
1 5929 
0 
z3c 7 1 19 19 19 2 1 8192 1 64
1 0 
0 
z3x2y2 7 1 19 19 19 2 1 8192 1 64
1 0 
0 
z3xy 7 1 19 19 19 2 1 8192 1 64
1 0 
0 
z3y 7 1 19 19 19 2 1 8192 1 64
1 10198 
0 
z4x 7 1 19 19 19 2 1 8192 1 64
1 6385 
0 
z4 7 1 19 19 19 2 1 8192 1 64
1 6188 
0 
z4c 7 1 19 19 19 2 1 8192 1 64
1 0 
0 
z4xy 7 1 19 19 19 2 1 8192 1 64
1 0 
0 
z4x2y2 7 1 19 19 19 2 1 8192 1 64
1 0 
0 
z4y 7 1 19 19 19 2 1 8192 1 64
1 -700 
0 
z6 7 1 19 19 19 2 1 8192 1 64
1 10610 
0 
z5x 7 1 19 19 19 2 1 8192 1 64
1 0 
0 
z5y 7 1 19 19 19 2 1 8192 1 64
1 0 
0 
zx2y2 7 1 19 19 19 2 1 8192 1 64
1 4744 
0 
z8 7 1 19 19 19 2 1 8192 1 64
1 0 
0 
z7 7 1 19 19 19 2 1 8192 1 64
1 -2218 
0 
zxy 7 1 19 19 19 2 1 8192 1 64
1 -827 
0 
zx3 7 1 19 19 19 2 1 8192 1 64
1 -4600 
0 
zy3 7 1 19 19 19 2 1 8192 1 64
1 -1498 
0 
